0.000000000000000000e+00
0.000000000000000000e+00
0.000000000000000000e+00
0.000000000000000000e+00
0.000000000000000000e+00
0.000000000000000000e+00
0.000000000000000000e+00
0.000000000000000000e+00
0.000000000000000000e+00
0.000000000000000000e+00
0.000000000000000000e+00
0.000000000000000000e+00
0.000000000000000000e+00
0.000000000000000000e+00
0.000000000000000000e+00
0.000000000000000000e+00
0.000000000000000000e+00
0.000000000000000000e+00
0.000000000000000000e+00
0.000000000000000000e+00
0.000000000000000000e+00
0.000000000000000000e+00
0.000000000000000000e+00
0.000000000000000000e+00
0.000000000000000000e+00
0.000000000000000000e+00
0.000000000000000000e+00
0.000000000000000000e+00
0.000000000000000000e+00
0.000000000000000000e+00
0.000000000000000000e+00
0.000000000000000000e+00
0.000000000000000000e+00
0.000000000000000000e+00
0.000000000000000000e+00
0.000000000000000000e+00
0.000000000000000000e+00
2.345999965667724751e+01
5.157999973297119567e+01
7.969999980926513672e+01
1.078199998855590849e+02
1.359399999618530046e+02
1.640600000381469386e+02
1.921800001144408725e+02
2.203000001907348349e+02
2.484200002670287404e+02
2.765400003433227312e+02
3.048857146671840042e+02
3.334571432386125593e+02
3.620285718100411714e+02
3.906000003814697266e+02
4.191714289528983386e+02
4.477428575243268938e+02
4.763142860957555058e+02
