0.000000000000000000e+00
0.000000000000000000e+00
0.000000000000000000e+00
0.000000000000000000e+00
0.000000000000000000e+00
0.000000000000000000e+00
0.000000000000000000e+00
0.000000000000000000e+00
0.000000000000000000e+00
0.000000000000000000e+00
0.000000000000000000e+00
0.000000000000000000e+00
0.000000000000000000e+00
0.000000000000000000e+00
0.000000000000000000e+00
0.000000000000000000e+00
0.000000000000000000e+00
0.000000000000000000e+00
0.000000000000000000e+00
0.000000000000000000e+00
0.000000000000000000e+00
0.000000000000000000e+00
0.000000000000000000e+00
0.000000000000000000e+00
0.000000000000000000e+00
0.000000000000000000e+00
0.000000000000000000e+00
0.000000000000000000e+00
0.000000000000000000e+00
0.000000000000000000e+00
0.000000000000000000e+00
0.000000000000000000e+00
0.000000000000000000e+00
0.000000000000000000e+00
0.000000000000000000e+00
0.000000000000000000e+00
9.399999618530273438e+00
3.751999969482422159e+01
6.563999977111816975e+01
9.375999984741210369e+01
1.218799999237060661e+02
1.499999999999999716e+02
1.781200000762939339e+02
2.062400001525878679e+02
2.343600002288818303e+02
2.624800003051757358e+02
2.906000003814696697e+02
3.191714289528982818e+02
3.477428575243268369e+02
3.763142860957554490e+02
4.048857146671840042e+02
4.334571432386126162e+02
4.620285718100411714e+02
4.906000003814697834e+02
