1.000000000000000000e+01
1.000000000000000000e+01
1.000000000000000000e+01
1.000000000000000000e+01
1.000000000000000000e+01
1.000000000000000000e+01
1.000000000000000000e+01
1.000000000000000000e+01
1.000000000000000000e+01
1.000000000000000000e+01
0.000000000000000000e+00
0.000000000000000000e+00
0.000000000000000000e+00
0.000000000000000000e+00
0.000000000000000000e+00
0.000000000000000000e+00
0.000000000000000000e+00
0.000000000000000000e+00
0.000000000000000000e+00
0.000000000000000000e+00
-5.000000000000000000e+01
1.666666666666667140e+01
8.333333333333334281e+01
1.500000000000000000e+02
2.166666666666666856e+02
2.833333333333333712e+02
3.500000000000000000e+02
4.166666666666666856e+02
4.833333333333333712e+02
5.500000000000000000e+02
