-6.500000000000000000e+01
-6.499799004886303067e+01
-6.499648631657656495e+01
-6.499523318453820764e+01
-6.499413305062395807e+01
-6.499313709843470122e+01
-6.499221731615926956e+01
-6.499135619080009008e+01
-6.499054209372461344e+01
-6.498976694621093486e+01
-6.498902493527629076e+01
-6.498831176171054835e+01
-6.498762417678578629e+01
-6.498695968392645739e+01
-6.498631633885793235e+01
-6.498569261092950455e+01
-6.498508728390136469e+01
-6.498449938312340635e+01
-6.498392812096653870e+01
-6.498337285526307028e+01
-6.498283305726290848e+01
-6.498230828670098447e+01
-6.498179817227114086e+01
-6.498130239626523519e+01
-6.498082068245413723e+01
-6.498035278651089186e+01
-6.497989848843860727e+01
-6.497945758658561033e+01
-6.497902989292103371e+01
-6.497861522931331990e+01
-6.497821342460774474e+01
-6.497782431234124090e+01
-6.497744772896558629e+01
-6.497708351247628400e+01
-6.497673150136488118e+01
-6.497639153382948507e+01
-6.497606344719055471e+01
-6.497574707747035916e+01
-6.497544225910220916e+01
-6.497514882474264653e+01
-6.497486660516499057e+01
-6.497459542921697562e+01
-6.497433512382852427e+01
-6.497408551405877120e+01
-6.497384642317318537e+01
-6.497361767274398403e+01
-6.497339908276778431e+01
-6.497319047179632889e+01
-6.497299165707624979e+01
-6.497280245469531224e+01
-6.497262267973249550e+01
-6.497245214641034750e+01
-6.497229066824787935e+01
-6.497213805821304788e+01
-6.497199412887374592e+01
-6.497185869254661839e+01
-6.497173156144314987e+01
-6.497161254781261164e+01
-6.497150146408135640e+01
-6.497139812298846095e+01
-6.497130233771727603e+01
-6.497121392202284085e+01
-6.497113269035514804e+01
-6.497105845797801749e+01
-6.497099104108363576e+01
-6.497093025690281820e+01
-6.497087592381085130e+01
-6.497082786142898669e+01
-6.497078589072170018e+01
-6.497074983408964499e+01
-6.497071951545837010e+01
-6.497069476036294589e+01
-6.497067539602841180e+01
-6.497066125144624493e+01
-6.497065215744683542e+01
-6.497064794676802535e+01
-6.497064845411995293e+01
-6.497065351624593177e+01
-6.497066297197989115e+01
-6.497067666230003624e+01
-6.497069443037906922e+01
-6.497071612163097143e+01
-6.497074158375438913e+01
-6.497077066677276491e+01
-6.497080322307127176e+01
-6.497083910743056379e+01
-6.497087817705759960e+01
-6.497092029161336768e+01
-6.497096531323784063e+01
-6.497101310657203044e+01
-6.497106353877742890e+01
-6.497111647955264857e+01
-6.497117180114767621e+01
-6.497122937837548307e+01
-6.497128908862124774e+01
-6.497135081184933370e+01
-6.497141443060787935e+01
-6.497147983003127081e+01
-6.497154689784048287e+01
-6.497161552434134535e+01
-6.497168560242089086e+01
-6.497175702754174154e+01
-6.497182969773470518e+01
-6.497190351358963767e+01
-6.497197837824451483e+01
-6.497205419737294108e+01
-6.497213087917016594e+01
-6.497220833433740950e+01
-6.497228647606502250e+01
-6.497236522001399806e+01
-6.497244448429643171e+01
-6.497252418945453201e+01
-6.497260425843860787e+01
-6.497268461658377703e+01
-6.497276519158576491e+01
-6.497284591347553828e+01
-6.497292671459312885e+01
-6.497300752956040526e+01
-6.497308829525312035e+01
-6.497316895077206311e+01
-6.497324943741355696e+01
-6.198895818736011165e+01
-5.975465725417706864e+01
-5.786754160194576713e+01
-5.614449010815844332e+01
-5.446140611558006128e+01
-5.270685309496519011e+01
-5.075508799544394378e+01
-4.843216834273996341e+01
-4.545869264237772001e+01
-4.133860763799241766e+01
-3.513831850311671445e+01
-2.517379422403601907e+01
-9.429545362587731461e+00
1.030848327991605018e+01
2.511735061273170899e+01
3.094314289076425695e+01
3.095689820748667387e+01
2.801072051690362485e+01
2.350823999757735905e+01
1.817065551019024383e+01
1.243130266874204004e+01
6.570571388305675775e+00
7.680197853212972214e-01
-4.867982018521066045e+00
-1.027828562050119210e+01
-1.543648640654278736e+01
-2.033725443045981862e+01
-2.499118537799168749e+01
-2.942406871400255497e+01
-3.368038085815796023e+01
-3.781656598672814340e+01
-4.189182408971407767e+01
-4.594305034336413485e+01
-4.994637366836190040e+01
-5.377846613440470946e+01
-5.721825735765522580e+01
-6.003659965270760779e+01
-6.212969778729276982e+01
-6.356548481734579781e+01
-6.450713945673726357e+01
-6.511637976186705146e+01
-6.551140359671397562e+01
-6.576734429653888014e+01
-6.592959248589964716e+01
-6.602536898906730300e+01
-6.607135925324709547e+01
-6.607817522420772605e+01
-6.605287207798930638e+01
-6.600034833795636757e+01
-6.592415415594416572e+01
-6.582695454865795170e+01
-6.571084336385425217e+01
-6.557752256463339791e+01
-6.542841987126529091e+01
-6.526476752144064619e+01
-6.508765601612822138e+01
-6.489807139799903268e+01
-6.469688750033608926e+01
-6.448490545317901024e+01
-6.426290592845435867e+01
-6.403164142694187433e+01
-6.379183694817024275e+01
-6.354408597990657626e+01
-6.328900211793474995e+01
-6.302721115105597249e+01
-6.275933295978618531e+01
-6.248579874581681537e+01
-6.220709947168777632e+01
-6.192376038829654306e+01
-6.163623855161207388e+01
-6.134480736952551894e+01
-6.104986012590736522e+01
-6.075183250216325348e+01
-6.045083746614438525e+01
-6.014708694734227379e+01
-5.984089633380649076e+01
-5.953234633369237372e+01
-5.922139836346769926e+01
-5.890821319671558598e+01
-5.859283623730340196e+01
-5.827493104576749516e+01
-5.795447467456806834e+01
-5.763146003341910983e+01
-5.730520125018872335e+01
-5.697545330204977887e+01
-5.664208882887073315e+01
-5.630401336349393659e+01
-5.596070231555263064e+01
-5.561172692729878975e+01
-5.525551384872208871e+01
-5.489116447147664246e+01
-5.451753721420562471e+01
-5.413248587997014027e+01
-5.373456718977601554e+01
-5.332106222538719464e+01
-5.288909261812440121e+01
-5.243559898099221073e+01
-5.195559786708150796e+01
-5.144460289172680945e+01
-5.089479843539294279e+01
-5.029837214132933809e+01
-4.964349688746539613e+01
-4.891558458871071480e+01
-4.809590763047273043e+01
-4.715789626114510469e+01
-4.606526646772839229e+01
-4.476833435329014321e+01
-4.319614320559253429e+01
-4.124949599167860015e+01
-3.878955865539973047e+01
-3.563092850210851026e+01
-3.155342723347988354e+01
-2.637447222085161158e+01
-2.013879746178832519e+01
-1.340224281266254458e+01
-7.317904519020908438e+00
-3.138532860880712594e+00
-1.486451350788988268e+00
-2.187809802331845077e+00
-4.645953978630346981e+00
-8.220055016522511693e+00
-1.239616680220494160e+01
-1.681803651355707530e+01
-2.126100826441177105e+01
-2.559795708592880814e+01
-2.977022973545553342e+01
-3.376739524205928689e+01
-3.761119625132955946e+01
-4.133675811221349505e+01
-4.497007160005720294e+01
-4.850300543916041107e+01
-5.186943284388195252e+01
-5.494612550256242400e+01
-5.758839930038063670e+01
-5.969847035416306369e+01
-6.127412761313736667e+01
-6.239390895829820494e+01
-6.316755020116889341e+01
-6.369544084090335190e+01
-6.405292629953635242e+01
-6.429150074525240655e+01
-6.444480679444720295e+01
-6.453479376130611911e+01
-6.457594785870526266e+01
-6.457807043562345939e+01
-6.454800269448121242e+01
-6.449068251958047426e+01
-6.440979649836336307e+01
-6.430818900609899913e+01
-6.418812441506634059e+01
-6.405145901399234276e+01
-6.389975622419439816e+01
-6.373432682757725587e+01
-6.355632029460061716e+01
-6.336678515977646953e+01
-6.316668379238424080e+01
-6.295690758644661145e+01
-6.273826488474564655e+01
-6.251142313954986207e+01
-6.227707168751034317e+01
-6.203588913806761695e+01
-6.178853364293804873e+01
-6.153545937475442429e+01
-6.127715988772601463e+01
-6.101416305031313669e+01
-6.074700078383194324e+01
-6.047589769390422276e+01
-6.020120163431317195e+01
-5.992332013475132158e+01
-5.964256445690639197e+01
-5.935898063690926563e+01
-5.907279929811502228e+01
-5.878432723391102144e+01
-5.849346564807409976e+01
-5.820018604406797635e+01
-5.790463499584276263e+01
-5.760679921570757500e+01
-5.730628300732985281e+01
-5.700301799811580139e+01
-5.669708788815216138e+01
-5.638766540872047273e+01
-5.607441173218678898e+01
-5.575722086155308688e+01
-5.543515139521221613e+01
-5.510744137317749392e+01
-5.477369202961869377e+01
-5.443262218823156928e+01
-5.408295389090302052e+01
-5.372387719194190936e+01
-5.335327818277510659e+01
-5.296925222475123007e+01
-5.257018673544054366e+01
-5.215238624537405343e+01
-5.171308341886508941e+01
-5.124780139408374424e+01
-5.075157087857962779e+01
-5.021800764504284587e+01
-4.963908047482551922e+01
-4.900418662125416347e+01
-4.830095375292319204e+01
-4.751059223514945273e+01
-4.660983595841173610e+01
-4.556748093412422662e+01
-4.434082479983743497e+01
-4.287150356096373827e+01
-4.107998423647849506e+01
-3.885854678070773360e+01
-3.606900347644162963e+01
-3.255401363766572587e+01
-2.818638520627372301e+01
-2.298597693241785578e+01
-1.730016623778950091e+01
-1.190441425412971910e+01
-7.777800148384253376e+00
-5.619713469078611467e+00
-5.549596356127638686e+00
-7.226711104812487463e+00
-1.013679792920866163e+01
-1.379621912147168850e+01
-1.783257606514854032e+01
-2.199145560499236041e+01
-2.611644607566303833e+01
-3.012634115769639465e+01
-3.399345386199118479e+01
-3.772603763914268171e+01
-4.134957130538162318e+01
-4.488319898826605225e+01
-4.831666012292376422e+01
-5.158875884525456001e+01
-5.458668032852059326e+01
-5.717803376518784830e+01
-5.927032351355094164e+01
-6.085381065668697431e+01
-6.199495113719651584e+01
-6.279340462587599347e+01
-6.334395508788302465e+01
-6.372030164662077567e+01
-6.397395157792034581e+01
-6.413927448733188896e+01
-6.423886991202839170e+01
-6.651568867413418218e+01
-6.778625611641417947e+01
-6.860212619238933485e+01
-6.917321514599038323e+01
-6.959849857572983467e+01
-6.993021868022438525e+01
-7.019810696216232770e+01
-7.042005878532701502e+01
-7.060739208570477388e+01
-7.076758196031748582e+01
-7.090576150727281401e+01
-7.102558381226458550e+01
-7.112973351532775723e+01
-7.122024077070096837e+01
-7.129868847246136454e+01
-7.136633901712798433e+01
-7.142422098824702914e+01
-7.147318928612557443e+01
-7.151396754484051144e+01
-7.154717853922342385e+01
-7.157336630455372983e+01
-7.159301244247481577e+01
-7.160654828731263422e+01
-7.161436408607913506e+01
-7.161681599941374543e+01
-7.161423149653128917e+01
-7.160691355600440033e+01
-7.159514397146713804e+01
-7.157918598142509836e+01
-7.155928638506823347e+01
-7.153567726449331587e+01
-7.150857740344119406e+01
-7.147819347035830617e+01
-7.144472101708392131e+01
-7.140834533217210378e+01
-7.136924217865808373e+01
-7.132757843916199647e+01
-7.128351268600017931e+01
-7.123719569001350749e+01
-7.118877087880728993e+01
-7.113837475279193256e+01
-7.108613726564499302e+01
-7.103218217445225946e+01
-7.097662736373075631e+01
-7.091958202217186624e+01
-7.086114788296541178e+01
-7.080142585999270466e+01
-7.074051340660102483e+01
-7.067850375762945703e+01
-7.061548580692803512e+01
-7.055154421463628012e+01
-7.048675959200573971e+01
-7.042120870494274243e+01
-7.035496467426902711e+01
-7.028809716541138641e+01
-7.022067256595585150e+01
-7.015275415155439021e+01
-7.008440224125649820e+01
-7.001567434337729878e+01
-6.994662529287742814e+01
-6.987729521625797702e+01
-6.980772703250322309e+01
-6.973796706672384005e+01
-6.966806133452715244e+01
-6.959805424589960410e+01
-6.952798819623509985e+01
-6.945790350298183569e+01
-6.938783847261662174e+01
-6.931782951004655047e+01
-6.924791123533529458e+01
-6.917811659482997300e+01
-6.910847696290537101e+01
-6.903902223409082239e+01
-6.896978090653661297e+01
-6.890076976759935690e+01
-6.883199809787195989e+01
-6.876348627811046299e+01
-6.869525793866108643e+01
-6.862733707312722231e+01
-6.855974694464835295e+01
-6.849250971559980883e+01
-6.842564637254909599e+01
-6.835917676550292299e+01
-6.829311968463252924e+01
-6.822749294299903511e+01
-6.816231345355018334e+01
-6.809759729703414166e+01
-6.803335978079753943e+01
-6.796961548956096522e+01
-6.790636319812510635e+01
-6.784359480620744876e+01
-6.778131710692950662e+01
-6.771954206411459154e+01
-6.765828310194750372e+01
-6.759755361775248161e+01
-6.753736641968875176e+01
-6.747773355712602950e+01
-6.741866631212053562e+01
-6.736017525012267981e+01
-6.730227028613875007e+01
-6.724496074875935392e+01
-6.718825543606824624e+01
-6.713216266234726959e+01
-6.707669029636105051e+01
-6.702184579254856089e+01
-6.696763621645371245e+01
-6.691404565498790191e+01
-6.686105803152418048e+01
-6.680867325981736826e+01
-6.675689718338300338e+01
-6.670573759921067847e+01
-6.665520260361203952e+01
-6.660529993192015752e+01
-6.655603673327730974e+01
-6.650741953098609827e+01
-6.645945425547489549e+01
-6.641214629963207017e+01
-6.636550057532211611e+01
-6.631952156319653113e+01
-6.627421335377832179e+01
-6.622957968019423447e+01
-6.618562394374509950e+01
-6.614234923364284668e+01
-6.609975834211779500e+01
-6.605785377589951679e+01
-6.601663776487440316e+01
-6.597611226855086386e+01
-6.593625623287589121e+01
-6.589704806696339290e+01
-6.585848259836943441e+01
-6.582056095718048994e+01
-6.578328649848572240e+01
-6.574666305675832234e+01
-6.571069421753186646e+01
-6.567538304603982624e+01
-6.564073201790942846e+01
-6.560674303374734961e+01
-6.557341746338241251e+01
-6.554075619583343837e+01
-6.550875968534104743e+01
-6.547742799034806183e+01
-6.544676080515145600e+01
-6.541675748504364662e+01
-6.538741706606622017e+01
-6.535873828047203915e+01
-6.533071956884606379e+01
-6.530335908966424086e+01
-6.527665472691222703e+01
-6.525060409625288571e+01
-6.522520455012472951e+01
-6.520045318206926765e+01
-6.517634683052017408e+01
-6.515288208223606148e+01
-6.513005527551973728e+01
-6.510786250333565306e+01
-6.508629961641378259e+01
-6.506536222640875167e+01
-6.504504570916817840e+01
-6.502534520815231645e+01
-6.500625563803703244e+01
-6.498777168852467412e+01
-6.496987240858354085e+01
-6.495253959605858540e+01
-6.493576432998732173e+01
-6.491954127142300024e+01
-6.490386631838667597e+01
-6.488873558624540294e+01
-6.487414497691324300e+01
-6.486009001747541447e+01
-6.484656582055573892e+01
-6.483356709677183005e+01
-6.482108818664893590e+01
-6.480912309720437747e+01
-6.479766553697858456e+01
-6.478670894731176588e+01
-6.477624652947038442e+01
-6.476627126796519462e+01
-6.475677595064243519e+01
-6.474775318615076003e+01
-6.473919541932130528e+01
-6.473109494490888949e+01
-6.472344392005445002e+01
-6.471623437575229332e+01
-6.470945822754269727e+01
-6.470310728559981328e+01
-6.469717326434518156e+01
-6.469164779168586676e+01
-6.468652241795206237e+01
-6.468178862459006950e+01
-6.467743783265174784e+01
-6.467346141111016777e+01
-6.466985068502199852e+01
-6.466659694355047350e+01
-6.466369144785713274e+01
-6.466112543886636388e+01
-6.465889014490370812e+01
-6.465697678920616909e+01
-6.465537659730119913e+01
-6.465408080424948878e+01
-6.465308066174591772e+01
